{
  "advancedEditorSelectedIdentifier" : "ProjectBrowser",
  "openSceneRelativePaths" : [
    "Immersive.usda"
  ],
  "recentIdentifiers" : {
    "AF09ED6F-1707-48FD-8720-65B998362C09" : [

    ]
  },
  "sceneCameraHistory" : {
    "AF09ED6F-1707-48FD-8720-65B998362C09" : [
      {
        "date" : 723871852.90032005,
        "title" : "Untitled",
        "transform" : [
          -0.94435113668441772,
          4.9043163974360482e-10,
          0.32893884181976318,
          0,
          -0.0093454401940107346,
          0.99959629774093628,
          -0.02682984434068203,
          0,
          -0.328806072473526,
          -0.02841087244451046,
          -0.9439699649810791,
          0,
          2.2541706562042236,
          3.1486341953277588,
          10.409804344177246,
          1
        ]
      },
      {
        "date" : 723871843.224172,
        "title" : "Untitled",
        "transform" : [
          0.59435272216796875,
          -4.3743941802176778e-10,
          -0.80420440435409546,
          0,
          -0.073534615337848663,
          0.99581074714660645,
          -0.054346255958080292,
          0,
          0.80083549022674561,
          0.091437719762325287,
          0.59186291694641113,
          0,
          -7.9635634422302246,
          1.8529342412948608,
          -7.5172805786132812,
          1
        ]
      },
      {
        "date" : 723871834.02139103,
        "title" : "Untitled",
        "transform" : [
          0.99400389194488525,
          1.7804770990892393e-09,
          -0.10934451222419739,
          0,
          -0.02189137227833271,
          0.97975391149520874,
          -0.19900500774383545,
          0,
          0.10713070631027222,
          0.20020550489425659,
          0.97387921810150146,
          0,
          0.10365498811006546,
          0.64676028490066528,
          -11.087522506713867,
          1
        ]
      },
      {
        "date" : 723871831.97295594,
        "title" : "Untitled",
        "transform" : [
          0.99400389194488525,
          1.7804770990892393e-09,
          -0.10934451222419739,
          0,
          -0.02189137227833271,
          0.97975391149520874,
          -0.19900500774383545,
          0,
          0.10713070631027222,
          0.20020550489425659,
          0.97387921810150146,
          0,
          -0.085667520761489868,
          0.00012285076081752777,
          -10.933765411376953,
          1
        ]
      },
      {
        "date" : 723871829.40511096,
        "title" : "Untitled",
        "transform" : [
          0.99400389194488525,
          1.7804770990892393e-09,
          -0.10934451222419739,
          0,
          -0.02189137227833271,
          0.97975391149520874,
          -0.19900500774383545,
          0,
          0.10713070631027222,
          0.20020550489425659,
          0.97387921810150146,
          0,
          -0.85684823989868164,
          1.3717784881591797,
          -11.130911827087402,
          1
        ]
      },
      {
        "date" : 723871825.55510998,
        "title" : "Untitled",
        "transform" : [
          0.99400389194488525,
          1.7804770990892393e-09,
          -0.10934451222419739,
          0,
          -0.02189137227833271,
          0.97975391149520874,
          -0.19900500774383545,
          0,
          0.10713070631027222,
          0.20020550489425659,
          0.97387921810150146,
          0,
          -1.2160263061523438,
          2.7432632446289062,
          -11.37334156036377,
          1
        ]
      },
      {
        "date" : 723871822.97270203,
        "title" : "Untitled",
        "transform" : [
          0.99400389194488525,
          1.7804770990892393e-09,
          -0.10934451222419739,
          0,
          -0.02189137227833271,
          0.97975391149520874,
          -0.19900500774383545,
          0,
          0.10713070631027222,
          0.20020550489425659,
          0.97387921810150146,
          0,
          -0.015076220035552979,
          1.7528057098388672,
          -11.301836013793945,
          1
        ]
      },
      {
        "date" : 723871708.95056295,
        "title" : "Untitled",
        "transform" : [
          0.99400389194488525,
          1.7804770990892393e-09,
          -0.10934451222419739,
          0,
          -0.02189137227833271,
          0.97975391149520874,
          -0.19900500774383545,
          0,
          0.10713070631027222,
          0.20020550489425659,
          0.97387921810150146,
          0,
          0.12220732867717743,
          1.621671199798584,
          -0.26580309867858887,
          1
        ]
      },
      {
        "date" : 723871704.08516395,
        "title" : "Untitled",
        "transform" : [
          0.99400389194488525,
          1.7804770990892393e-09,
          -0.10934451222419739,
          0,
          -0.02189137227833271,
          0.97975391149520874,
          -0.19900500774383545,
          0,
          0.10713070631027222,
          0.20020550489425659,
          0.97387921810150146,
          0,
          0.18744230270385742,
          1.5930205583572388,
          -0.26708948612213135,
          1
        ]
      },
      {
        "date" : 723871661.56955004,
        "title" : "Untitled",
        "transform" : [
          1,
          0,
          0,
          0,
          0,
          0.86602592468261719,
          -0.49999907612800598,
          0,
          0,
          0.49999907612800598,
          0.86602592468261719,
          0,
          0.054504364728927612,
          1.9652899503707886,
          -0.39933991432189941,
          1
        ]
      }
    ]
  }
}